
 -198 -11 417
 -198 -10 418
 -198 -11 420
 -199 -13 421
 -198 -13 419
 -198 -15 419
 -198 -14 420
 -198 -15 418
 -198 -11 420
 -198 -11 419
 -199 -8 418
 -198 -12 420
 -198 -11 420
 -198 -11 420
 -198 -10 419
 -198 -12 420
 -198 -12 418
 -198 -12 418
 -198 -11 420
 -198 -12 421
 -198 -12 421
 -199 -12 420
 -198 -13 419
 -198 -13 419
 -198 -12 418
 -199 -11 419
 -198 -11 421
 -199 -10 422
 -197 -11 420
 -199 -12 418
 -198 -14 416
 -199 -13 420
 -198 -13 420
 -198 -12 423
 -198 -11 420
 -198 -12 419
 -199 -12 417
 -198 -11 418
 -198 -12 420
 -198 -11 422
 -197 -12 423
 -198 -13 418
 -198 -12 418
 -199 -14 418
 -198 -12 421
 -198 -13 421
 -198 -12 420
 -198 -12 419
 -199 -12 420
 -198 -12 418
 -198 -13 419
 -198 -12 419
 -197 -14 418
 -199 -11 419
 -198 -10 421
 -198 -11 422
 -199 -12 419
 -197 -14 417
 -198 -11 418
 -198 -13 420
 -198 -11 422
 -198 -13 423
 -198 -8 421
 -198 -8 421
 -198 -10 423
 -199 -11 419
 -199 -12 420
 -199 -14 417
 -198 -11 419
 -198 -13 417
 -198 -11 423
 -198 -12 422
 -198 -14 422
 -199 -11 421
 -198 -13 417
 -199 -12 416
 -198 -13 417
 -198 -11 419
 -198 -9 421
 -198 -10 420
 -198 -14 423
 -199 -12 422
 -199 -13 418
 -199 -13 416
 -198 -14 417
 -198 -11 422
 -199 -10 421
 -198 -11 425
 -199 -11 418
 -199 -11 419
 -198 -13 416
 -198 -12 420
 -199 -11 422
 -198 -12 423
 -199 -12 421
 -198 -14 417
 -199 -12 418
 -198 -13 416
 -198 -10 419
 -198 -12 420
 -199 -9 424
 -198 -12 421
 -199 -13 420
 -198 -12 419
 -198 -15 419
 -199 -12 418
 -198 -15 418
 -198 -9 423
 -198 -13 419
 -199 -8 420
 -198 -11 417
 -198 -13 416
 -198 -11 422
 -198 -11 422
 -198 -10 421
 -198 -11 419
 -198 -12 417
 -199 -12 418
 -199 -12 420
 -198 -10 423
 -197 -12 422
 -198 -13 419
 -198 -13 416
 -198 -15 418
 -198 -11 420
 -198 -11 422
 -199 -10 421
 -198 -12 419
 -198 -11 417
 -198 -12 418
 -198 -11 419
 -197 -13 421
 -198 -12 419
 -198 -13 422
 -198 -13 418
 -199 -12 420
 -198 -13 419
 -199 -12 421
 -198 -12 419
 -199 -11 417
 -197 -11 419
 -198 -10 420
 -198 -13 422
 -198 -14 419
 -199 -13 418
 -198 -13 417
 -199 -13 420
 -198 -10 419
 -199 -11 423
 -198 -9 418
 -198 -13 417
 -198 -12 418
 -199 -12 419
 -199 -11 420
 -199 -13 421
 -198 -12 419
 -199 -12 419
 -198 -12 419
 -198 -11 419
 -198 -13 421
 -198 -10 418
 -198 -12 418
